datosXY <-
structure(list(x = c(-1.33194329786624, 0.687785173372282, -0.152680970390027, 
0.39683392258835, 0.00499364986503084, -0.0399294614164881, 0.821847229520063, 
0.635437292820636, 0.953119853882618, -0.175872306643898), y = c(-1.44255645234629, 
-2.00015570053673, 0.238563943787532, -0.123353646314171, 0.752225769150687, 
0.565245895461393, -0.0904252076147288, 0.44523738358763, 1.48051157786437, 
-0.556258503456765)), .Names = c("x", "y"), row.names = c(NA, 
-10L), class = "data.frame")
