datosXY <-
structure(list(x = c(-3.52607240818465e-05, 1.86730605343133, 
-0.556598617566244, 0.159406025908565, -2.1987809592307, -1.01197003498459, 
-0.0323873223620052, 0.0373581649956274, -0.754612913321976, 
0.877829921064469), y = c(0.988224823577608, 2.09689434150883, 
0.0667262932208777, -0.487433795833057, 0.121184135913657, -0.334994631480965, 
0.492211824277329, -0.33083681180374, -0.854767309099989, 1.3469751072947
)), .Names = c("x", "y"), row.names = c(NA, -10L), class = "data.frame")
