"gallinas" <-
structure(list(provincia = structure(c(1, 1, 2, 2, 3, 3, 4, 4, 
5, 5, 6, 6, 7, 7, 8, 8, 9, 9, 1, 1, 2, 2, 3, 3, 4, 4, 5, 5, 6, 
6, 7, 7, 8, 8, 9, 9), .Label = c("Avila", "Burgos", "Leon", "Palencia", 
"Salamanca", "Segovia", "Soria", "Valladolid", "Zamora"), class = "factor"), 
    agno = structure(c(1, 2, 1, 2, 1, 2, 1, 2, 1, 2, 1, 2, 1, 
    2, 1, 2, 1, 2, 1, 2, 1, 2, 1, 2, 1, 2, 1, 2, 1, 2, 1, 2, 
    1, 2, 1, 2), .Label = c("1999", "2000"), class = c("ordered", 
    "factor")), tipo = structure(c(2, 2, 2, 2, 2, 2, 2, 2, 2, 
    2, 2, 2, 2, 2, 2, 2, 2, 2, 1, 1, 1, 1, 1, 1, 1, 1, 1, 1, 
    1, 1, 1, 1, 1, 1, 1, 1), .Label = c("camperas", "selectas"
    ), class = "factor"), cabezas = c(125, 146, 1463, 1465, 109, 
    110, 282, 330, 163, 176, 564, 559, 65, 62, 3652, 3652, 48, 
    48, 55, 40, 85, 80, 296, 285, 1, 1, 40, 26.3, 40, 38, 7, 
    6.5, 28, 28, 158, 152.9), hue.ave = c(285, 285, 250, 250, 
    252, 255, 265, 270, 250, 285, 250, 250, 250, 250, 265, 265, 
    295, 295, 150, 150, 160, 160, 165, 170, 164, 165, 150, 160, 
    160, 160, 150, 150, 150, 150, 205, 200), docenas = c(2969, 
    3477, 30479, 30520, 2289, 2338, 6228, 7425, 3400, 4166, 11750, 
    11646, 1354, 1299, 80654, 80654, 1189, 1189, 688, 500, 1133, 
    1066, 4070, 4038, 16, 17, 500, 351, 533, 507, 88, 82, 350, 
    350, 2694, 2550)), .Names = c("provincia", "agno", "tipo", 
"cabezas", "hue.ave", "docenas"), row.names = c("1", "2", "3", 
"4", "5", "6", "7", "8", "9", "10", "11", "12", "13", "14", "15", 
"16", "17", "18", "19", "20", "21", "22", "23", "24", "25", "26", 
"27", "28", "29", "30", "31", "32", "33", "34", "35", "36"), class = "data.frame")
