padron <-
structure(list(Region = c("TOTAL ESPAÑA", "ANDALUCÍA", "Almería",
"Cádiz", "Córdoba", "Granada", "Huelva", "Jaén", "Málaga", "Sevilla",
"ARAGÓN", "Huesca", "Teruel", "Zaragoza", "ASTURIAS, PRINCIPADO DE",
"BALEARS, ILLES", "CANARIAS", "Palmas, Las", "Santa Cruz de Tenerife",
"CANTABRIA", "CASTILLA Y LEÓN", "Ávila", "Burgos", "León", "Palencia",
"Salamanca", "Segovia", "Soria", "Valladolid", "Zamora", "CASTILLA - LA MANCHA",
"Albacete", "Ciudad Real", "Cuenca", "Guadalajara", "Toledo",
"CATALUÑA", "Barcelona", "Girona", "Lleida", "Tarragona", "COMUNITAT VALENCIANA",
"Alicante/Alacant", "Castellón/Castelló", "Valencia/València",
"EXTREMADURA", "Badajoz", "Cáceres", "GALICIA", "Coruña, A",
"Lugo", "Ourense", "Pontevedra", "MADRID, COMUNIDAD DE", "MURCIA, REGIÓN DE",
"NAVARRA, COMUNIDAD FORAL DE", "PAÍS VASCO", "Araba/Álava", "Bizkaia",
"Gipuzkoa", "RIOJA, LA", "Ceuta", "Melilla", "TOTAL ESPAÑA",
"ANDALUCÍA", "Almería", "Cádiz", "Córdoba", "Granada", "Huelva",
"Jaén", "Málaga", "Sevilla", "ARAGÓN", "Huesca", "Teruel", "Zaragoza",
"ASTURIAS, PRINCIPADO DE", "BALEARS, ILLES", "CANARIAS", "Palmas, Las",
"Santa Cruz de Tenerife", "CANTABRIA", "CASTILLA Y LEÓN", "Ávila",
"Burgos", "León", "Palencia", "Salamanca", "Segovia", "Soria",
"Valladolid", "Zamora", "CASTILLA - LA MANCHA", "Albacete", "Ciudad Real",
"Cuenca", "Guadalajara", "Toledo", "CATALUÑA", "Barcelona", "Girona",
"Lleida", "Tarragona", "COMUNITAT VALENCIANA", "Alicante/Alacant",
"Castellón/Castelló", "Valencia/València", "EXTREMADURA", "Badajoz",
"Cáceres", "GALICIA", "Coruña, A", "Lugo", "Ourense", "Pontevedra",
"MADRID, COMUNIDAD DE", "MURCIA, REGIÓN DE", "NAVARRA, COMUNIDAD FORAL DE",
"PAÍS VASCO", "Araba/Álava", "Bizkaia", "Gipuzkoa", "RIOJA, LA",
"Ceuta", "Melilla"), Total = c(22817410L, 4129294L, 359168L,
612028L, 386556L, 449663L, 256858L, 318211L, 798612L, 948198L,
645271L, 110757L, 68644L, 465870L, 493774L, 554652L, 1044430L,
548174L, 496256L, 281764L, 1194642L, 80540L, 178926L, 227866L,
80932L, 162131L, 77374L, 44951L, 254106L, 87816L, 1016383L, 194712L,
248220L, 99729L, 128348L, 345374L, 3708029L, 2717022L, 377407L,
218921L, 394679L, 2433000L, 902271L, 285368L, 1245361L, 534740L,
336443L, 198297L, 1304120L, 537125L, 161715L, 149657L, 455623L,
3114475L, 736000L, 318445L, 1066421L, 161256L, 553982L, 351183L,
155312L, 43037L, 43621L, 23721616L, 4241074L, 346299L, 627081L,
401240L, 462873L, 260736L, 324873L, 827906L, 990066L, 662124L,
108746L, 66842L, 486536L, 540907L, 560603L, 1062194L, 551131L,
511063L, 298376L, 1229753L, 79912L, 179130L, 240067L, 82424L,
171169L, 76667L, 43879L, 266917L, 89588L, 1014278L, 195280L,
254115L, 98813L, 124955L, 341115L, 3843256L, 2855712L, 377798L,
213211L, 396535L, 2502010L, 918054L, 289871L, 1294085L, 544484L,
343157L, 201327L, 1403580L, 582780L, 171796L, 161938L, 487066L,
3390109L, 733656L, 324352L, 1126784L, 165117L, 593667L, 368000L,
159697L, 41922L, 42457L), `0-4` = c(1089555L, 207009L, 19992L,
30453L, 18032L, 21429L, 12374L, 13889L, 40361L, 50479L, 29472L,
4719L, 2805L, 21948L, 17365L, 27623L, 41804L, 21822L, 19982L,
11847L, 45054L, 2820L, 7367L, 7785L, 2989L, 5782L, 3132L, 1623L,
11025L, 2531L, 47747L, 8986L, 11073L, 3630L, 6614L, 17444L, 185673L,
135715L, 19771L, 10472L, 19715L, 114138L, 41582L, 13690L, 58866L,
22644L, 15444L, 7200L, 51199L, 21873L, 5466L, 4891L, 18969L,
166498L, 41618L, 16091L, 49869L, 8430L, 24810L, 16629L, 7358L,
2870L, 3676L, 1028599L, 194850L, 18750L, 28874L, 17081L, 19729L,
11805L, 13089L, 37962L, 47560L, 28031L, 4525L, 2682L, 20824L,
16291L, 26298L, 40024L, 20737L, 19287L, 11222L, 41988L, 2608L,
6831L, 7113L, 2767L, 5471L, 2917L, 1573L, 10347L, 2361L, 45311L,
8273L, 10761L, 3544L, 6363L, 16370L, 175006L, 127896L, 18462L,
10095L, 18553L, 107687L, 39094L, 12927L, 55666L, 21561L, 14658L,
6903L, 48041L, 20641L, 5315L, 4531L, 17554L, 157815L, 38966L,
15350L, 47097L, 7848L, 23355L, 15894L, 6989L, 2649L, 3423L),
    `5-9` = c(1262014L, 244670L, 21839L, 36663L, 21056L, 25137L,
    15346L, 16563L, 47494L, 60572L, 33412L, 5319L, 3108L, 24985L,
    20683L, 31412L, 51739L, 27341L, 24398L, 14474L, 52534L, 3605L,
    8558L, 8855L, 3236L, 7064L, 3664L, 1939L, 12668L, 2945L,
    56628L, 10231L, 12953L, 4510L, 7943L, 20991L, 215273L, 156320L,
    22960L, 12224L, 23769L, 136716L, 49905L, 16227L, 70584L,
    26979L, 17898L, 9081L, 58667L, 24820L, 5792L, 5524L, 22531L,
    183075L, 46810L, 18122L, 55500L, 8925L, 27377L, 19198L, 8469L,
    3300L, 3551L, 1189171L, 230842L, 20763L, 34718L, 19653L,
    23706L, 14076L, 15703L, 44982L, 57241L, 31487L, 5111L, 3058L,
    23318L, 19879L, 29403L, 48925L, 25809L, 23116L, 13701L, 49564L,
    3203L, 8052L, 8565L, 2964L, 6562L, 3477L, 1818L, 12122L,
    2801L, 53502L, 9570L, 12559L, 4226L, 7531L, 19616L, 202168L,
    146783L, 21563L, 11505L, 22317L, 128248L, 46804L, 15031L,
    66413L, 25069L, 16742L, 8327L, 55003L, 23175L, 5615L, 5211L,
    21002L, 173138L, 44273L, 17102L, 52397L, 8283L, 26041L, 18073L,
    7926L, 3193L, 3351L), `10-14` = c(1222236L, 240424L, 20016L,
    37387L, 21701L, 25437L, 14516L, 17275L, 46553L, 57539L, 31823L,
    5126L, 3013L, 23684L, 20166L, 29686L, 55825L, 30070L, 25755L,
    13833L, 52226L, 3530L, 8120L, 9033L, 3234L, 7160L, 3741L,
    1957L, 12330L, 3121L, 55200L, 10175L, 13038L, 4671L, 7471L,
    19845L, 205322L, 150511L, 21342L, 11066L, 22403L, 132949L,
    49248L, 15514L, 68187L, 26752L, 17422L, 9330L, 56705L, 23503L,
    5690L, 5424L, 22088L, 171944L, 45190L, 17315L, 52837L, 7938L,
    26510L, 18389L, 7997L, 3036L, 3006L, 1160761L, 228474L, 19406L,
    35168L, 20434L, 24227L, 13710L, 16560L, 44190L, 54779L, 30144L,
    4927L, 2859L, 22358L, 19179L, 28125L, 52927L, 28779L, 24148L,
    13360L, 49981L, 3379L, 7711L, 8764L, 3226L, 6800L, 3508L,
    1870L, 11679L, 3044L, 51876L, 9635L, 12028L, 4580L, 6957L,
    18676L, 194012L, 142252L, 20233L, 10499L, 21028L, 126132L,
    46411L, 14871L, 64850L, 25866L, 16911L, 8955L, 53852L, 22322L,
    5328L, 5224L, 20978L, 164090L, 42276L, 16602L, 50230L, 7450L,
    25258L, 17522L, 7752L, 2912L, 2971L), `15-19` = c(1138729L,
    225084L, 19303L, 33885L, 21372L, 24675L, 13457L, 18078L,
    42207L, 52107L, 30320L, 5043L, 3117L, 22160L, 19447L, 27521L,
    54838L, 29256L, 25582L, 12406L, 51109L, 3615L, 7918L, 9295L,
    3317L, 7028L, 3582L, 2046L, 11001L, 3307L, 52791L, 10426L,
    13117L, 4855L, 6373L, 18020L, 186617L, 136666L, 19581L, 10473L,
    19897L, 121997L, 45668L, 14174L, 62155L, 27567L, 17949L,
    9618L, 54155L, 22243L, 5827L, 5396L, 20689L, 155645L, 41099L,
    16431L, 48696L, 7175L, 24562L, 16959L, 7475L, 2620L, 2911L,
    1074965L, 211340L, 17783L, 31350L, 19995L, 23303L, 12746L,
    16958L, 39842L, 49363L, 28316L, 4751L, 2972L, 20593L, 18077L,
    26110L, 51891L, 27776L, 24115L, 11829L, 48488L, 3356L, 7461L,
    8578L, 3138L, 6600L, 3524L, 1880L, 10801L, 3150L, 50019L,
    9882L, 12337L, 4625L, 6220L, 16955L, 174721L, 127781L, 18108L,
    9854L, 18978L, 115529L, 43072L, 13560L, 58897L, 26116L, 17133L,
    8983L, 51055L, 20951L, 5527L, 5194L, 19383L, 148566L, 39299L,
    15747L, 45282L, 6824L, 22664L, 15794L, 7133L, 2650L, 2797L
    ), `20-24` = c(1168620L, 234817L, 20650L, 34246L, 23211L,
    26298L, 14606L, 20442L, 41960L, 53404L, 30893L, 5372L, 3350L,
    22171L, 19924L, 28926L, 57793L, 30587L, 27206L, 12518L, 54070L,
    3849L, 7942L, 9937L, 3735L, 7498L, 3924L, 2137L, 11274L,
    3774L, 55464L, 11140L, 14736L, 5241L, 6242L, 18105L, 187227L,
    136835L, 19683L, 11174L, 19535L, 123890L, 45941L, 14179L,
    63770L, 30417L, 19879L, 10538L, 57590L, 23014L, 6606L, 6390L,
    21580L, 158347L, 41419L, 15921L, 46421L, 6836L, 23627L, 15958L,
    7134L, 2733L, 3116L, 1123266L, 222545L, 19041L, 32361L, 21602L,
    25153L, 13368L, 19203L, 40734L, 51083L, 29616L, 4852L, 3229L,
    21535L, 19314L, 28691L, 56540L, 29961L, 26579L, 11680L, 51355L,
    3629L, 7553L, 9288L, 3542L, 7401L, 3669L, 1962L, 10729L,
    3582L, 52447L, 10450L, 13938L, 5027L, 5981L, 17051L, 178917L,
    131584L, 18308L, 10342L, 18683L, 118084L, 44149L, 13519L,
